(kicad_pcb (version 20171130) (host pcbnew "(5.1.10)-1")

  (general
    (thickness 1.6)
    (drawings 78)
    (tracks 311)
    (zones 0)
    (modules 21)
    (nets 46)
  )

  (page A4)
  (layers
    (0 F.Cu signal)
    (31 B.Cu signal)
    (32 B.Adhes user)
    (33 F.Adhes user)
    (34 B.Paste user)
    (35 F.Paste user)
    (36 B.SilkS user)
    (37 F.SilkS user)
    (38 B.Mask user)
    (39 F.Mask user)
    (40 Dwgs.User user)
    (41 Cmts.User user)
    (42 Eco1.User user)
    (43 Eco2.User user)
    (44 Edge.Cuts user)
    (45 Margin user)
    (46 B.CrtYd user)
    (47 F.CrtYd user)
    (48 B.Fab user)
    (49 F.Fab user)
  )

  (setup
    (last_trace_width 0.3125)
    (trace_clearance 0.2)
    (zone_clearance 0.508)
    (zone_45_only no)
    (trace_min 0.2)
    (via_size 0.8)
    (via_drill 0.4)
    (via_min_size 0.4)
    (via_min_drill 0.3)
    (uvia_size 0.3)
    (uvia_drill 0.1)
    (uvias_allowed no)
    (uvia_min_size 0.2)
    (uvia_min_drill 0.1)
    (edge_width 0.05)
    (segment_width 0.2)
    (pcb_text_width 0.3)
    (pcb_text_size 1.5 1.5)
    (mod_edge_width 0.12)
    (mod_text_size 1 1)
    (mod_text_width 0.15)
    (pad_size 1.524 1.524)
    (pad_drill 0.762)
    (pad_to_mask_clearance 0)
    (aux_axis_origin 0 0)
    (visible_elements 7FFFFFFF)
    (pcbplotparams
      (layerselection 0x010fc_ffffffff)
      (usegerberextensions false)
      (usegerberattributes true)
      (usegerberadvancedattributes true)
      (creategerberjobfile true)
      (excludeedgelayer true)
      (linewidth 0.100000)
      (plotframeref false)
      (viasonmask false)
      (mode 1)
      (useauxorigin false)
      (hpglpennumber 1)
      (hpglpenspeed 20)
      (hpglpendiameter 15.000000)
      (psnegative false)
      (psa4output false)
      (plotreference true)
      (plotvalue true)
      (plotinvisibletext false)
      (padsonsilk false)
      (subtractmaskfromsilk false)
      (outputformat 1)
      (mirror false)
      (drillshape 0)
      (scaleselection 1)
      (outputdirectory "Gerber/"))
  )

  (net 0 "")
  (net 1 +3V3)
  (net 2 GND)
  (net 3 /Vin)
  (net 4 /RESET)
  (net 5 /NEOPIX)
  (net 6 "Net-(D1-Pad2)")
  (net 7 /D+)
  (net 8 /D-)
  (net 9 /D5)
  (net 10 /D6)
  (net 11 /D7)
  (net 12 /D8)
  (net 13 /D9)
  (net 14 /D10)
  (net 15 /D11)
  (net 16 /D12)
  (net 17 /BOOT0)
  (net 18 "Net-(U1-Pad40)")
  (net 19 /PSRAMCS)
  (net 20 /SDA)
  (net 21 /SCL)
  (net 22 /MOSI)
  (net 23 /SCK)
  (net 24 /MISO)
  (net 25 /IO38_DBLTAP)
  (net 26 /TCK)
  (net 27 /TDO)
  (net 28 /TDI)
  (net 29 /TMS_D42)
  (net 30 /TXD0)
  (net 31 /RXD0)
  (net 32 /AD5)
  (net 33 /AD4)
  (net 34 /AD3)
  (net 35 /AD2)
  (net 36 /D21)
  (net 37 /AD1)
  (net 38 /AD0)
  (net 39 /D16)
  (net 40 /D15)
  (net 41 /D14)
  (net 42 /D13)
  (net 43 "Net-(J1-Pad1)")
  (net 44 "Net-(J1-Pad2)")
  (net 45 "Net-(J2-Pad4)")

  (net_class Default "This is the default net class."
    (clearance 0.2)
    (trace_width 0.3125)
    (via_dia 0.8)
    (via_drill 0.4)
    (uvia_dia 0.3)
    (uvia_drill 0.1)
    (add_net /AD0)
    (add_net /AD1)
    (add_net /AD2)
    (add_net /AD3)
    (add_net /AD4)
    (add_net /AD5)
    (add_net /BOOT0)
    (add_net /D+)
    (add_net /D-)
    (add_net /D10)
    (add_net /D11)
    (add_net /D12)
    (add_net /D13)
    (add_net /D14)
    (add_net /D15)
    (add_net /D16)
    (add_net /D21)
    (add_net /D5)
    (add_net /D6)
    (add_net /D7)
    (add_net /D8)
    (add_net /D9)
    (add_net /IO38_DBLTAP)
    (add_net /MISO)
    (add_net /MOSI)
    (add_net /NEOPIX)
    (add_net /PSRAMCS)
    (add_net /RESET)
    (add_net /RXD0)
    (add_net /SCK)
    (add_net /SCL)
    (add_net /SDA)
    (add_net /TCK)
    (add_net /TDI)
    (add_net /TDO)
    (add_net /TMS_D42)
    (add_net /TXD0)
    (add_net GND)
    (add_net "Net-(D1-Pad2)")
    (add_net "Net-(J1-Pad1)")
    (add_net "Net-(J1-Pad2)")
    (add_net "Net-(J2-Pad4)")
    (add_net "Net-(U1-Pad40)")
  )

  (net_class Power ""
    (clearance 0.2)
    (trace_width 0.625)
    (via_dia 1)
    (via_drill 0.4)
    (uvia_dia 0.3)
    (uvia_drill 0.1)
    (add_net +3V3)
    (add_net /Vin)
  )

  (module RF_Module:ESP32-S2-WROVER (layer B.Cu) (tedit 5E764C18) (tstamp 61C5A00A)
    (at 211.582 71.247 180)
    (descr "ESP32-S2-WROVER(-I) 2.4 GHz Wi-Fi https://www.espressif.com/sites/default/files/documentation/esp32-s2-wroom_esp32-s2-wroom-i_datasheet_en.pdf")
    (tags "ESP32-S2  ESP32  WIFI")
    (path /61B8DF2E)
    (attr smd)
    (fp_text reference U1 (at -10.7442 11.938) (layer B.SilkS)
      (effects (font (size 1 1) (thickness 0.15)) (justify mirror))
    )
    (fp_text value ESP32-S2-WROVER (at 0 -9.906 180) (layer B.Fab)
      (effects (font (size 1 1) (thickness 0.15)) (justify mirror))
    )
    (fp_line (start 9 13.023) (end -9 13.023) (layer B.Fab) (width 0.1))
    (fp_line (start 9 19.32) (end 9 -11.68) (layer B.Fab) (width 0.1))
    (fp_line (start -9 19.323) (end 9 19.323) (layer B.Fab) (width 0.1))
    (fp_line (start -9 19.32) (end -9 13.02) (layer B.Fab) (width 0.1))
    (fp_line (start -9 -11.68) (end 9 -11.68) (layer B.Fab) (width 0.1))
    (fp_line (start -9.12 -11.8) (end -7.46 -11.8) (layer B.SilkS) (width 0.12))
    (fp_line (start -9.12 -11.44) (end -9.12 -11.8) (layer B.SilkS) (width 0.12))
    (fp_line (start 9.12 -11.8) (end 7.46 -11.8) (layer B.SilkS) (width 0.12))
    (fp_line (start 9.12 -11.54) (end 9.12 -11.8) (layer B.SilkS) (width 0.12))
    (fp_line (start -9.125 19.45) (end 9.13 19.45) (layer B.SilkS) (width 0.12))
    (fp_line (start -9.11 12.37) (end -9.125 19.45) (layer B.SilkS) (width 0.12))
    (fp_line (start 9.13 13.03) (end 9.13 19.45) (layer B.SilkS) (width 0.12))
    (fp_line (start -9.63 12.77) (end -9.63 -12.47) (layer B.CrtYd) (width 0.05))
    (fp_line (start 9.63 -12.47) (end 9.63 12.77) (layer B.CrtYd) (width 0.05))
    (fp_line (start -9.63 -12.47) (end 9.63 -12.47) (layer B.CrtYd) (width 0.05))
    (fp_line (start -9.11 12.37) (end -9.5 12.37) (layer B.SilkS) (width 0.12))
    (fp_line (start -24 13.023) (end 24 13.023) (layer Dwgs.User) (width 0.12))
    (fp_line (start -24 34.323) (end 24 34.323) (layer Dwgs.User) (width 0.12))
    (fp_line (start 24 34.323) (end 24 13.023) (layer Dwgs.User) (width 0.12))
    (fp_line (start -24 34.323) (end -24 13.023) (layer Dwgs.User) (width 0.12))
    (fp_line (start 24 15.03) (end 22 13.03) (layer Dwgs.User) (width 0.12))
    (fp_line (start 24 20.04) (end 17 13.03) (layer Dwgs.User) (width 0.12))
    (fp_line (start 24 25.02) (end 12 13.03) (layer Dwgs.User) (width 0.12))
    (fp_line (start 24 30.04) (end 7.01 13.03) (layer Dwgs.User) (width 0.12))
    (fp_line (start 23.28 34.32) (end 2 13.03) (layer Dwgs.User) (width 0.12))
    (fp_line (start 18.31 34.32) (end -2.95 13.03) (layer Dwgs.User) (width 0.12))
    (fp_line (start 13.28 34.32) (end -7.99 13.03) (layer Dwgs.User) (width 0.12))
    (fp_line (start 8.26 34.32) (end -13.01 13.02) (layer Dwgs.User) (width 0.12))
    (fp_line (start 3.27 34.32) (end -18 13.03) (layer Dwgs.User) (width 0.12))
    (fp_line (start -1.73 34.32) (end -23 13.03) (layer Dwgs.User) (width 0.12))
    (fp_line (start -6.7 34.32) (end -24 17.01) (layer Dwgs.User) (width 0.12))
    (fp_line (start -11.69 34.32) (end -24 22.01) (layer Dwgs.User) (width 0.12))
    (fp_line (start -16.69 34.32) (end -24 27) (layer Dwgs.User) (width 0.12))
    (fp_line (start -21.69 34.32) (end -23.99 32.02) (layer Dwgs.User) (width 0.12))
    (fp_line (start 9.63 12.77) (end 24.25 12.77) (layer B.CrtYd) (width 0.05))
    (fp_line (start 24.25 12.77) (end 24.25 34.57) (layer B.CrtYd) (width 0.05))
    (fp_line (start 24.25 34.57) (end -24.25 34.57) (layer B.CrtYd) (width 0.05))
    (fp_line (start -24.25 34.57) (end -24.25 12.77) (layer B.CrtYd) (width 0.05))
    (fp_line (start -24.25 12.77) (end -9.63 12.77) (layer B.CrtYd) (width 0.05))
    (fp_line (start -9 12.02) (end -8.5 12.52) (layer B.Fab) (width 0.1))
    (fp_line (start -8.5 12.52) (end -9 13.02) (layer B.Fab) (width 0.1))
    (fp_line (start -9 12.02) (end -9 -11.68) (layer B.Fab) (width 0.1))
    (fp_text user %R (at 0 0) (layer B.Fab)
      (effects (font (size 1 1) (thickness 0.15)) (justify mirror))
    )
    (fp_text user "KEEP-OUT ZONE" (at 0 27.09) (layer Cmts.User)
      (effects (font (size 2 2) (thickness 0.15)))
    )
    (fp_text user ANTENNA (at 0 16.15) (layer Cmts.User)
      (effects (font (size 1.25 1.25) (thickness 0.15)))
    )
    (pad 43 smd rect (at -1.19 3.735 180) (size 4.1 4.1) (layers B.Cu B.Paste B.Mask)
      (net 2 GND))
    (pad 42 smd rect (at 8.625 11.675 180) (size 1.5 0.9) (layers B.Cu B.Paste B.Mask)
      (net 2 GND))
    (pad 41 smd rect (at 8.625 10.275 180) (size 1.5 0.9) (layers B.Cu B.Paste B.Mask)
      (net 4 /RESET))
    (pad 40 smd rect (at 8.625 8.775 180) (size 1.5 0.9) (layers B.Cu B.Paste B.Mask)
      (net 18 "Net-(U1-Pad40)"))
    (pad 39 smd rect (at 8.625 7.175 180) (size 1.5 0.9) (layers B.Cu B.Paste B.Mask)
      (net 5 /NEOPIX))
    (pad 25 smd rect (at 5.25 -11.475 180) (size 0.9 1.5) (layers B.Cu B.Paste B.Mask)
      (net 19 /PSRAMCS))
    (pad 26 smd rect (at 6.75 -11.475 180) (size 0.9 1.5) (layers B.Cu B.Paste B.Mask)
      (net 2 GND))
    (pad 27 smd rect (at 8.625 -10.825 180) (size 1.5 0.9) (layers B.Cu B.Paste B.Mask)
      (net 20 /SDA))
    (pad 28 smd rect (at 8.625 -9.325 180) (size 1.5 0.9) (layers B.Cu B.Paste B.Mask)
      (net 21 /SCL))
    (pad 29 smd rect (at 8.625 -7.825 180) (size 1.5 0.9) (layers B.Cu B.Paste B.Mask)
      (net 22 /MOSI))
    (pad 30 smd rect (at 8.625 -6.325 180) (size 1.5 0.9) (layers B.Cu B.Paste B.Mask)
      (net 23 /SCK))
    (pad 31 smd rect (at 8.625 -4.825 180) (size 1.5 0.9) (layers B.Cu B.Paste B.Mask)
      (net 24 /MISO))
    (pad 32 smd rect (at 8.625 -3.325 180) (size 1.5 0.9) (layers B.Cu B.Paste B.Mask)
      (net 25 /IO38_DBLTAP))
    (pad 33 smd rect (at 8.625 -1.825 180) (size 1.5 0.9) (layers B.Cu B.Paste B.Mask)
      (net 26 /TCK))
    (pad 34 smd rect (at 8.625 -0.325 180) (size 1.5 0.9) (layers B.Cu B.Paste B.Mask)
      (net 27 /TDO))
    (pad 35 smd rect (at 8.625 1.175 180) (size 1.5 0.9) (layers B.Cu B.Paste B.Mask)
      (net 28 /TDI))
    (pad 36 smd rect (at 8.625 2.675 180) (size 1.5 0.9) (layers B.Cu B.Paste B.Mask)
      (net 29 /TMS_D42))
    (pad 37 smd rect (at 8.625 4.175 180) (size 1.5 0.9) (layers B.Cu B.Paste B.Mask)
      (net 30 /TXD0))
    (pad 38 smd rect (at 8.625 5.675 180) (size 1.5 0.9) (layers B.Cu B.Paste B.Mask)
      (net 31 /RXD0))
    (pad 14 smd rect (at -8.625 -7.725 180) (size 1.5 0.9) (layers B.Cu B.Paste B.Mask)
      (net 15 /D11))
    (pad 13 smd rect (at -8.625 -6.225 180) (size 1.5 0.9) (layers B.Cu B.Paste B.Mask)
      (net 14 /D10))
    (pad 12 smd rect (at -8.625 -4.725 180) (size 1.5 0.9) (layers B.Cu B.Paste B.Mask)
      (net 13 /D9))
    (pad 11 smd rect (at -8.625 -3.225 180) (size 1.5 0.9) (layers B.Cu B.Paste B.Mask)
      (net 12 /D8))
    (pad 10 smd rect (at -8.625 -1.725 180) (size 1.5 0.9) (layers B.Cu B.Paste B.Mask)
      (net 11 /D7))
    (pad 9 smd rect (at -8.625 -0.225 180) (size 1.5 0.9) (layers B.Cu B.Paste B.Mask)
      (net 10 /D6))
    (pad 8 smd rect (at -8.625 1.275 180) (size 1.5 0.9) (layers B.Cu B.Paste B.Mask)
      (net 9 /D5))
    (pad 7 smd rect (at -8.625 2.775 180) (size 1.5 0.9) (layers B.Cu B.Paste B.Mask)
      (net 32 /AD5))
    (pad 6 smd rect (at -8.625 4.275 180) (size 1.5 0.9) (layers B.Cu B.Paste B.Mask)
      (net 33 /AD4))
    (pad 5 smd rect (at -8.625 5.775 180) (size 1.5 0.9) (layers B.Cu B.Paste B.Mask)
      (net 34 /AD3))
    (pad 4 smd rect (at -8.625 7.275 180) (size 1.5 0.9) (layers B.Cu B.Paste B.Mask)
      (net 35 /AD2))
    (pad 3 smd rect (at -8.625 8.775 180) (size 1.5 0.9) (layers B.Cu B.Paste B.Mask)
      (net 17 /BOOT0))
    (pad 2 smd rect (at -8.625 10.275 180) (size 1.5 0.9) (layers B.Cu B.Paste B.Mask)
      (net 1 +3V3))
    (pad 24 smd rect (at 3.75 -11.475 180) (size 0.9 1.5) (layers B.Cu B.Paste B.Mask)
      (net 36 /D21))
    (pad 23 smd rect (at 2.25 -11.475 180) (size 0.9 1.5) (layers B.Cu B.Paste B.Mask)
      (net 7 /D+))
    (pad 22 smd rect (at 0.75 -11.475 180) (size 0.9 1.5) (layers B.Cu B.Paste B.Mask)
      (net 8 /D-))
    (pad 21 smd rect (at -0.75 -11.475 180) (size 0.9 1.5) (layers B.Cu B.Paste B.Mask)
      (net 37 /AD1))
    (pad 20 smd rect (at -2.25 -11.475 180) (size 0.9 1.5) (layers B.Cu B.Paste B.Mask)
      (net 38 /AD0))
    (pad 19 smd rect (at -3.75 -11.475 180) (size 0.9 1.5) (layers B.Cu B.Paste B.Mask)
      (net 39 /D16))
    (pad 18 smd rect (at -5.25 -11.475 180) (size 0.9 1.5) (layers B.Cu B.Paste B.Mask)
      (net 40 /D15))
    (pad 17 smd rect (at -6.75 -11.475 180) (size 0.9 1.5) (layers B.Cu B.Paste B.Mask)
      (net 41 /D14))
    (pad 16 smd rect (at -8.625 -10.725) (size 1.5 0.9) (layers B.Cu B.Paste B.Mask)
      (net 42 /D13))
    (pad 15 smd rect (at -8.625 -9.225) (size 1.5 0.9) (layers B.Cu B.Paste B.Mask)
      (net 16 /D12))
    (pad 1 smd rect (at -8.625 11.775 180) (size 1.5 0.9) (layers B.Cu B.Paste B.Mask)
      (net 2 GND))
    (model ${KISYS3DMOD}/RF_Module.3dshapes/ESP32-S2-WROVER.wrl
      (at (xyz 0 0 0))
      (scale (xyz 1 1 1))
      (rotate (xyz 0 0 0))
    )
  )

  (module LED_SMD:LED_WS2812B_PLCC4_5.0x5.0mm_P3.2mm (layer B.Cu) (tedit 5AA4B285) (tstamp 61BA3EF5)
    (at 225.044 76.962 180)
    (descr https://cdn-shop.adafruit.com/datasheets/WS2812B.pdf)
    (tags "LED RGB NeoPixel")
    (path /61C0DC0B)
    (attr smd)
    (fp_text reference D1 (at 0 -3.683) (layer B.SilkS)
      (effects (font (size 1 1) (thickness 0.15)) (justify mirror))
    )
    (fp_text value WS2812B (at 4.572 0.254 270) (layer B.Fab)
      (effects (font (size 1 1) (thickness 0.15)) (justify mirror))
    )
    (fp_line (start 3.45 2.75) (end -3.45 2.75) (layer B.CrtYd) (width 0.05))
    (fp_line (start 3.45 -2.75) (end 3.45 2.75) (layer B.CrtYd) (width 0.05))
    (fp_line (start -3.45 -2.75) (end 3.45 -2.75) (layer B.CrtYd) (width 0.05))
    (fp_line (start -3.45 2.75) (end -3.45 -2.75) (layer B.CrtYd) (width 0.05))
    (fp_line (start 2.5 -1.5) (end 1.5 -2.5) (layer B.Fab) (width 0.1))
    (fp_line (start -2.5 2.5) (end -2.5 -2.5) (layer B.Fab) (width 0.1))
    (fp_line (start -2.5 -2.5) (end 2.5 -2.5) (layer B.Fab) (width 0.1))
    (fp_line (start 2.5 -2.5) (end 2.5 2.5) (layer B.Fab) (width 0.1))
    (fp_line (start 2.5 2.5) (end -2.5 2.5) (layer B.Fab) (width 0.1))
    (fp_line (start -3.65 2.75) (end 3.65 2.75) (layer B.SilkS) (width 0.12))
    (fp_line (start -3.65 -2.75) (end 3.65 -2.75) (layer B.SilkS) (width 0.12))
    (fp_line (start 3.65 -2.75) (end 3.65 -1.6) (layer B.SilkS) (width 0.12))
    (fp_circle (center 0 0) (end 0 2) (layer B.Fab) (width 0.1))
    (fp_text user 1 (at -4.15 1.6) (layer B.SilkS)
      (effects (font (size 1 1) (thickness 0.15)) (justify mirror))
    )
    (fp_text user %R (at 0 0) (layer B.Fab)
      (effects (font (size 0.8 0.8) (thickness 0.15)) (justify mirror))
    )
    (pad 3 smd rect (at 2.45 -1.6 180) (size 1.5 1) (layers B.Cu B.Paste B.Mask)
      (net 2 GND))
    (pad 4 smd rect (at 2.45 1.6 180) (size 1.5 1) (layers B.Cu B.Paste B.Mask)
      (net 5 /NEOPIX))
    (pad 2 smd rect (at -2.45 -1.6 180) (size 1.5 1) (layers B.Cu B.Paste B.Mask)
      (net 6 "Net-(D1-Pad2)"))
    (pad 1 smd rect (at -2.45 1.6 180) (size 1.5 1) (layers B.Cu B.Paste B.Mask)
      (net 1 +3V3))
    (model ${KISYS3DMOD}/LED_SMD.3dshapes/LED_WS2812B_PLCC4_5.0x5.0mm_P3.2mm.wrl
      (at (xyz 0 0 0))
      (scale (xyz 1 1 1))
      (rotate (xyz 0 0 0))
    )
  )

  (module Capacitor_SMD:C_0805_2012Metric_Pad1.18x1.45mm_HandSolder (layer F.Cu) (tedit 5F68FEEF) (tstamp 61BA3C8C)
    (at 203.835 63.5 180)
    (descr "Capacitor SMD 0805 (2012 Metric), square (rectangular) end terminal, IPC_7351 nominal with elongated pad for handsoldering. (Body size source: IPC-SM-782 page 76, https://www.pcb-3d.com/wordpress/wp-content/uploads/ipc-sm-782a_amendment_1_and_2.pdf, https://docs.google.com/spreadsheets/d/1BsfQQcO9C6DZCsRaXUlFlo91Tg2WpOkGARC1WS5S8t0/edit?usp=sharing), generated with kicad-footprint-generator")
    (tags "capacitor handsolder")
    (path /61BA7F90)
    (attr smd)
    (fp_text reference C1 (at 2.794 0.254) (layer F.SilkS)
      (effects (font (size 1 1) (thickness 0.15)))
    )
    (fp_text value 10u (at 0 1.68) (layer F.Fab)
      (effects (font (size 1 1) (thickness 0.15)))
    )
    (fp_line (start -1 0.625) (end -1 -0.625) (layer F.Fab) (width 0.1))
    (fp_line (start -1 -0.625) (end 1 -0.625) (layer F.Fab) (width 0.1))
    (fp_line (start 1 -0.625) (end 1 0.625) (layer F.Fab) (width 0.1))
    (fp_line (start 1 0.625) (end -1 0.625) (layer F.Fab) (width 0.1))
    (fp_line (start -0.261252 -0.735) (end 0.261252 -0.735) (layer F.SilkS) (width 0.12))
    (fp_line (start -0.261252 0.735) (end 0.261252 0.735) (layer F.SilkS) (width 0.12))
    (fp_line (start -1.88 0.98) (end -1.88 -0.98) (layer F.CrtYd) (width 0.05))
    (fp_line (start -1.88 -0.98) (end 1.88 -0.98) (layer F.CrtYd) (width 0.05))
    (fp_line (start 1.88 -0.98) (end 1.88 0.98) (layer F.CrtYd) (width 0.05))
    (fp_line (start 1.88 0.98) (end -1.88 0.98) (layer F.CrtYd) (width 0.05))
    (fp_text user %R (at 0 0) (layer F.Fab)
      (effects (font (size 0.5 0.5) (thickness 0.08)))
    )
    (pad 1 smd roundrect (at -1.0375 0 180) (size 1.175 1.45) (layers F.Cu F.Paste F.Mask) (roundrect_rratio 0.2127659574468085)
      (net 1 +3V3))
    (pad 2 smd roundrect (at 1.0375 0 180) (size 1.175 1.45) (layers F.Cu F.Paste F.Mask) (roundrect_rratio 0.2127659574468085)
      (net 2 GND))
    (model ${KISYS3DMOD}/Capacitor_SMD.3dshapes/C_0805_2012Metric.wrl
      (at (xyz 0 0 0))
      (scale (xyz 1 1 1))
      (rotate (xyz 0 0 0))
    )
  )

  (module Capacitor_SMD:C_0805_2012Metric_Pad1.18x1.45mm_HandSolder (layer F.Cu) (tedit 5F68FEEF) (tstamp 61BA3C5C)
    (at 203.835 65.532 180)
    (descr "Capacitor SMD 0805 (2012 Metric), square (rectangular) end terminal, IPC_7351 nominal with elongated pad for handsoldering. (Body size source: IPC-SM-782 page 76, https://www.pcb-3d.com/wordpress/wp-content/uploads/ipc-sm-782a_amendment_1_and_2.pdf, https://docs.google.com/spreadsheets/d/1BsfQQcO9C6DZCsRaXUlFlo91Tg2WpOkGARC1WS5S8t0/edit?usp=sharing), generated with kicad-footprint-generator")
    (tags "capacitor handsolder")
    (path /61BA8658)
    (attr smd)
    (fp_text reference C2 (at -2.921 -1.27) (layer F.SilkS)
      (effects (font (size 1 1) (thickness 0.15)))
    )
    (fp_text value 10u (at 0 1.68) (layer F.Fab)
      (effects (font (size 1 1) (thickness 0.15)))
    )
    (fp_line (start -1 0.625) (end -1 -0.625) (layer F.Fab) (width 0.1))
    (fp_line (start -1 -0.625) (end 1 -0.625) (layer F.Fab) (width 0.1))
    (fp_line (start 1 -0.625) (end 1 0.625) (layer F.Fab) (width 0.1))
    (fp_line (start 1 0.625) (end -1 0.625) (layer F.Fab) (width 0.1))
    (fp_line (start -0.261252 -0.735) (end 0.261252 -0.735) (layer F.SilkS) (width 0.12))
    (fp_line (start -0.261252 0.735) (end 0.261252 0.735) (layer F.SilkS) (width 0.12))
    (fp_line (start -1.88 0.98) (end -1.88 -0.98) (layer F.CrtYd) (width 0.05))
    (fp_line (start -1.88 -0.98) (end 1.88 -0.98) (layer F.CrtYd) (width 0.05))
    (fp_line (start 1.88 -0.98) (end 1.88 0.98) (layer F.CrtYd) (width 0.05))
    (fp_line (start 1.88 0.98) (end -1.88 0.98) (layer F.CrtYd) (width 0.05))
    (fp_text user %R (at 0 0) (layer F.Fab)
      (effects (font (size 0.5 0.5) (thickness 0.08)))
    )
    (pad 1 smd roundrect (at -1.0375 0 180) (size 1.175 1.45) (layers F.Cu F.Paste F.Mask) (roundrect_rratio 0.2127659574468085)
      (net 1 +3V3))
    (pad 2 smd roundrect (at 1.0375 0 180) (size 1.175 1.45) (layers F.Cu F.Paste F.Mask) (roundrect_rratio 0.2127659574468085)
      (net 2 GND))
    (model ${KISYS3DMOD}/Capacitor_SMD.3dshapes/C_0805_2012Metric.wrl
      (at (xyz 0 0 0))
      (scale (xyz 1 1 1))
      (rotate (xyz 0 0 0))
    )
  )

  (module Capacitor_SMD:C_0805_2012Metric_Pad1.18x1.45mm_HandSolder (layer F.Cu) (tedit 5F68FEEF) (tstamp 61C5C973)
    (at 203.835 61.468 180)
    (descr "Capacitor SMD 0805 (2012 Metric), square (rectangular) end terminal, IPC_7351 nominal with elongated pad for handsoldering. (Body size source: IPC-SM-782 page 76, https://www.pcb-3d.com/wordpress/wp-content/uploads/ipc-sm-782a_amendment_1_and_2.pdf, https://docs.google.com/spreadsheets/d/1BsfQQcO9C6DZCsRaXUlFlo91Tg2WpOkGARC1WS5S8t0/edit?usp=sharing), generated with kicad-footprint-generator")
    (tags "capacitor handsolder")
    (path /61BA88FB)
    (attr smd)
    (fp_text reference C3 (at 2.921 0) (layer F.SilkS)
      (effects (font (size 1 1) (thickness 0.15)))
    )
    (fp_text value 10u (at 0 1.68) (layer F.Fab)
      (effects (font (size 1 1) (thickness 0.15)))
    )
    (fp_line (start 1.88 0.98) (end -1.88 0.98) (layer F.CrtYd) (width 0.05))
    (fp_line (start 1.88 -0.98) (end 1.88 0.98) (layer F.CrtYd) (width 0.05))
    (fp_line (start -1.88 -0.98) (end 1.88 -0.98) (layer F.CrtYd) (width 0.05))
    (fp_line (start -1.88 0.98) (end -1.88 -0.98) (layer F.CrtYd) (width 0.05))
    (fp_line (start -0.261252 0.735) (end 0.261252 0.735) (layer F.SilkS) (width 0.12))
    (fp_line (start -0.261252 -0.735) (end 0.261252 -0.735) (layer F.SilkS) (width 0.12))
    (fp_line (start 1 0.625) (end -1 0.625) (layer F.Fab) (width 0.1))
    (fp_line (start 1 -0.625) (end 1 0.625) (layer F.Fab) (width 0.1))
    (fp_line (start -1 -0.625) (end 1 -0.625) (layer F.Fab) (width 0.1))
    (fp_line (start -1 0.625) (end -1 -0.625) (layer F.Fab) (width 0.1))
    (fp_text user %R (at 0 0) (layer F.Fab)
      (effects (font (size 0.5 0.5) (thickness 0.08)))
    )
    (pad 2 smd roundrect (at 1.0375 0 180) (size 1.175 1.45) (layers F.Cu F.Paste F.Mask) (roundrect_rratio 0.2127659574468085)
      (net 2 GND))
    (pad 1 smd roundrect (at -1.0375 0 180) (size 1.175 1.45) (layers F.Cu F.Paste F.Mask) (roundrect_rratio 0.2127659574468085)
      (net 1 +3V3))
    (model ${KISYS3DMOD}/Capacitor_SMD.3dshapes/C_0805_2012Metric.wrl
      (at (xyz 0 0 0))
      (scale (xyz 1 1 1))
      (rotate (xyz 0 0 0))
    )
  )

  (module Capacitor_SMD:C_0805_2012Metric_Pad1.18x1.45mm_HandSolder (layer F.Cu) (tedit 5F68FEEF) (tstamp 61BA3C2C)
    (at 203.835 67.564 180)
    (descr "Capacitor SMD 0805 (2012 Metric), square (rectangular) end terminal, IPC_7351 nominal with elongated pad for handsoldering. (Body size source: IPC-SM-782 page 76, https://www.pcb-3d.com/wordpress/wp-content/uploads/ipc-sm-782a_amendment_1_and_2.pdf, https://docs.google.com/spreadsheets/d/1BsfQQcO9C6DZCsRaXUlFlo91Tg2WpOkGARC1WS5S8t0/edit?usp=sharing), generated with kicad-footprint-generator")
    (tags "capacitor handsolder")
    (path /61BA8D01)
    (attr smd)
    (fp_text reference C4 (at -0.127 -1.778) (layer F.SilkS)
      (effects (font (size 1 1) (thickness 0.15)))
    )
    (fp_text value 10u (at 0 1.68) (layer F.Fab)
      (effects (font (size 1 1) (thickness 0.15)))
    )
    (fp_line (start -1 0.625) (end -1 -0.625) (layer F.Fab) (width 0.1))
    (fp_line (start -1 -0.625) (end 1 -0.625) (layer F.Fab) (width 0.1))
    (fp_line (start 1 -0.625) (end 1 0.625) (layer F.Fab) (width 0.1))
    (fp_line (start 1 0.625) (end -1 0.625) (layer F.Fab) (width 0.1))
    (fp_line (start -0.261252 -0.735) (end 0.261252 -0.735) (layer F.SilkS) (width 0.12))
    (fp_line (start -0.261252 0.735) (end 0.261252 0.735) (layer F.SilkS) (width 0.12))
    (fp_line (start -1.88 0.98) (end -1.88 -0.98) (layer F.CrtYd) (width 0.05))
    (fp_line (start -1.88 -0.98) (end 1.88 -0.98) (layer F.CrtYd) (width 0.05))
    (fp_line (start 1.88 -0.98) (end 1.88 0.98) (layer F.CrtYd) (width 0.05))
    (fp_line (start 1.88 0.98) (end -1.88 0.98) (layer F.CrtYd) (width 0.05))
    (fp_text user %R (at 0 0) (layer F.Fab)
      (effects (font (size 0.5 0.5) (thickness 0.08)))
    )
    (pad 1 smd roundrect (at -1.0375 0 180) (size 1.175 1.45) (layers F.Cu F.Paste F.Mask) (roundrect_rratio 0.2127659574468085)
      (net 1 +3V3))
    (pad 2 smd roundrect (at 1.0375 0 180) (size 1.175 1.45) (layers F.Cu F.Paste F.Mask) (roundrect_rratio 0.2127659574468085)
      (net 2 GND))
    (model ${KISYS3DMOD}/Capacitor_SMD.3dshapes/C_0805_2012Metric.wrl
      (at (xyz 0 0 0))
      (scale (xyz 1 1 1))
      (rotate (xyz 0 0 0))
    )
  )

  (module Capacitor_SMD:C_0805_2012Metric_Pad1.18x1.45mm_HandSolder (layer B.Cu) (tedit 5F68FEEF) (tstamp 61C5C8CF)
    (at 229.6922 85.9028 90)
    (descr "Capacitor SMD 0805 (2012 Metric), square (rectangular) end terminal, IPC_7351 nominal with elongated pad for handsoldering. (Body size source: IPC-SM-782 page 76, https://www.pcb-3d.com/wordpress/wp-content/uploads/ipc-sm-782a_amendment_1_and_2.pdf, https://docs.google.com/spreadsheets/d/1BsfQQcO9C6DZCsRaXUlFlo91Tg2WpOkGARC1WS5S8t0/edit?usp=sharing), generated with kicad-footprint-generator")
    (tags "capacitor handsolder")
    (path /61C8E75B)
    (attr smd)
    (fp_text reference C6 (at -2.7432 0.1016 180) (layer B.SilkS)
      (effects (font (size 1 1) (thickness 0.15)) (justify mirror))
    )
    (fp_text value 0.1u (at 0 -1.68 270) (layer B.Fab)
      (effects (font (size 1 1) (thickness 0.15)) (justify mirror))
    )
    (fp_line (start 1.88 -0.98) (end -1.88 -0.98) (layer B.CrtYd) (width 0.05))
    (fp_line (start 1.88 0.98) (end 1.88 -0.98) (layer B.CrtYd) (width 0.05))
    (fp_line (start -1.88 0.98) (end 1.88 0.98) (layer B.CrtYd) (width 0.05))
    (fp_line (start -1.88 -0.98) (end -1.88 0.98) (layer B.CrtYd) (width 0.05))
    (fp_line (start -0.261252 -0.735) (end 0.261252 -0.735) (layer B.SilkS) (width 0.12))
    (fp_line (start -0.261252 0.735) (end 0.261252 0.735) (layer B.SilkS) (width 0.12))
    (fp_line (start 1 -0.625) (end -1 -0.625) (layer B.Fab) (width 0.1))
    (fp_line (start 1 0.625) (end 1 -0.625) (layer B.Fab) (width 0.1))
    (fp_line (start -1 0.625) (end 1 0.625) (layer B.Fab) (width 0.1))
    (fp_line (start -1 -0.625) (end -1 0.625) (layer B.Fab) (width 0.1))
    (fp_text user %R (at 0 0 270) (layer B.Fab)
      (effects (font (size 0.5 0.5) (thickness 0.08)) (justify mirror))
    )
    (pad 2 smd roundrect (at 1.0375 0 90) (size 1.175 1.45) (layers B.Cu B.Paste B.Mask) (roundrect_rratio 0.2127659574468085)
      (net 2 GND))
    (pad 1 smd roundrect (at -1.0375 0 90) (size 1.175 1.45) (layers B.Cu B.Paste B.Mask) (roundrect_rratio 0.2127659574468085)
      (net 1 +3V3))
    (model ${KISYS3DMOD}/Capacitor_SMD.3dshapes/C_0805_2012Metric.wrl
      (at (xyz 0 0 0))
      (scale (xyz 1 1 1))
      (rotate (xyz 0 0 0))
    )
  )

  (module Capacitor_SMD:C_0805_2012Metric_Pad1.18x1.45mm_HandSolder (layer F.Cu) (tedit 5F68FEEF) (tstamp 61B32C02)
    (at 210.312 72.898 180)
    (descr "Capacitor SMD 0805 (2012 Metric), square (rectangular) end terminal, IPC_7351 nominal with elongated pad for handsoldering. (Body size source: IPC-SM-782 page 76, https://www.pcb-3d.com/wordpress/wp-content/uploads/ipc-sm-782a_amendment_1_and_2.pdf, https://docs.google.com/spreadsheets/d/1BsfQQcO9C6DZCsRaXUlFlo91Tg2WpOkGARC1WS5S8t0/edit?usp=sharing), generated with kicad-footprint-generator")
    (tags "capacitor handsolder")
    (path /61BFA28A)
    (attr smd)
    (fp_text reference C8 (at 2.921 0.127) (layer F.SilkS)
      (effects (font (size 1 1) (thickness 0.15)))
    )
    (fp_text value 1u (at 0 1.68) (layer F.Fab)
      (effects (font (size 1 1) (thickness 0.15)))
    )
    (fp_line (start -1 0.625) (end -1 -0.625) (layer F.Fab) (width 0.1))
    (fp_line (start -1 -0.625) (end 1 -0.625) (layer F.Fab) (width 0.1))
    (fp_line (start 1 -0.625) (end 1 0.625) (layer F.Fab) (width 0.1))
    (fp_line (start 1 0.625) (end -1 0.625) (layer F.Fab) (width 0.1))
    (fp_line (start -0.261252 -0.735) (end 0.261252 -0.735) (layer F.SilkS) (width 0.12))
    (fp_line (start -0.261252 0.735) (end 0.261252 0.735) (layer F.SilkS) (width 0.12))
    (fp_line (start -1.88 0.98) (end -1.88 -0.98) (layer F.CrtYd) (width 0.05))
    (fp_line (start -1.88 -0.98) (end 1.88 -0.98) (layer F.CrtYd) (width 0.05))
    (fp_line (start 1.88 -0.98) (end 1.88 0.98) (layer F.CrtYd) (width 0.05))
    (fp_line (start 1.88 0.98) (end -1.88 0.98) (layer F.CrtYd) (width 0.05))
    (fp_text user %R (at 0 0) (layer F.Fab)
      (effects (font (size 0.5 0.5) (thickness 0.08)))
    )
    (pad 1 smd roundrect (at -1.0375 0 180) (size 1.175 1.45) (layers F.Cu F.Paste F.Mask) (roundrect_rratio 0.2127659574468085)
      (net 4 /RESET))
    (pad 2 smd roundrect (at 1.0375 0 180) (size 1.175 1.45) (layers F.Cu F.Paste F.Mask) (roundrect_rratio 0.2127659574468085)
      (net 2 GND))
    (model ${KISYS3DMOD}/Capacitor_SMD.3dshapes/C_0805_2012Metric.wrl
      (at (xyz 0 0 0))
      (scale (xyz 1 1 1))
      (rotate (xyz 0 0 0))
    )
  )

  (module Capacitor_SMD:C_0805_2012Metric_Pad1.18x1.45mm_HandSolder (layer B.Cu) (tedit 5F68FEEF) (tstamp 61BA3733)
    (at 231.8004 85.8774 90)
    (descr "Capacitor SMD 0805 (2012 Metric), square (rectangular) end terminal, IPC_7351 nominal with elongated pad for handsoldering. (Body size source: IPC-SM-782 page 76, https://www.pcb-3d.com/wordpress/wp-content/uploads/ipc-sm-782a_amendment_1_and_2.pdf, https://docs.google.com/spreadsheets/d/1BsfQQcO9C6DZCsRaXUlFlo91Tg2WpOkGARC1WS5S8t0/edit?usp=sharing), generated with kicad-footprint-generator")
    (tags "capacitor handsolder")
    (path /61BD3033)
    (attr smd)
    (fp_text reference C9 (at -2.667 -0.0254) (layer B.SilkS)
      (effects (font (size 1 1) (thickness 0.15)) (justify mirror))
    )
    (fp_text value 22u (at 0 -1.68 90) (layer B.Fab)
      (effects (font (size 1 1) (thickness 0.15)) (justify mirror))
    )
    (fp_line (start 1.88 -0.98) (end -1.88 -0.98) (layer B.CrtYd) (width 0.05))
    (fp_line (start 1.88 0.98) (end 1.88 -0.98) (layer B.CrtYd) (width 0.05))
    (fp_line (start -1.88 0.98) (end 1.88 0.98) (layer B.CrtYd) (width 0.05))
    (fp_line (start -1.88 -0.98) (end -1.88 0.98) (layer B.CrtYd) (width 0.05))
    (fp_line (start -0.261252 -0.735) (end 0.261252 -0.735) (layer B.SilkS) (width 0.12))
    (fp_line (start -0.261252 0.735) (end 0.261252 0.735) (layer B.SilkS) (width 0.12))
    (fp_line (start 1 -0.625) (end -1 -0.625) (layer B.Fab) (width 0.1))
    (fp_line (start 1 0.625) (end 1 -0.625) (layer B.Fab) (width 0.1))
    (fp_line (start -1 0.625) (end 1 0.625) (layer B.Fab) (width 0.1))
    (fp_line (start -1 -0.625) (end -1 0.625) (layer B.Fab) (width 0.1))
    (fp_text user %R (at 0 0 90) (layer B.Fab)
      (effects (font (size 0.5 0.5) (thickness 0.08)) (justify mirror))
    )
    (pad 2 smd roundrect (at 1.0375 0 90) (size 1.175 1.45) (layers B.Cu B.Paste B.Mask) (roundrect_rratio 0.2127659574468085)
      (net 2 GND))
    (pad 1 smd roundrect (at -1.0375 0 90) (size 1.175 1.45) (layers B.Cu B.Paste B.Mask) (roundrect_rratio 0.2127659574468085)
      (net 1 +3V3))
    (model ${KISYS3DMOD}/Capacitor_SMD.3dshapes/C_0805_2012Metric.wrl
      (at (xyz 0 0 0))
      (scale (xyz 1 1 1))
      (rotate (xyz 0 0 0))
    )
  )

  (module Capacitor_SMD:C_0805_2012Metric_Pad1.18x1.45mm_HandSolder (layer B.Cu) (tedit 5F68FEEF) (tstamp 62830B72)
    (at 233.8578 85.8774 90)
    (descr "Capacitor SMD 0805 (2012 Metric), square (rectangular) end terminal, IPC_7351 nominal with elongated pad for handsoldering. (Body size source: IPC-SM-782 page 76, https://www.pcb-3d.com/wordpress/wp-content/uploads/ipc-sm-782a_amendment_1_and_2.pdf, https://docs.google.com/spreadsheets/d/1BsfQQcO9C6DZCsRaXUlFlo91Tg2WpOkGARC1WS5S8t0/edit?usp=sharing), generated with kicad-footprint-generator")
    (tags "capacitor handsolder")
    (path /61BD430F)
    (attr smd)
    (fp_text reference C10 (at -2.8956 0.0762) (layer B.SilkS)
      (effects (font (size 1 1) (thickness 0.15)) (justify mirror))
    )
    (fp_text value 22u (at 0 -1.68 90) (layer B.Fab)
      (effects (font (size 1 1) (thickness 0.15)) (justify mirror))
    )
    (fp_line (start 1.88 -0.98) (end -1.88 -0.98) (layer B.CrtYd) (width 0.05))
    (fp_line (start 1.88 0.98) (end 1.88 -0.98) (layer B.CrtYd) (width 0.05))
    (fp_line (start -1.88 0.98) (end 1.88 0.98) (layer B.CrtYd) (width 0.05))
    (fp_line (start -1.88 -0.98) (end -1.88 0.98) (layer B.CrtYd) (width 0.05))
    (fp_line (start -0.261252 -0.735) (end 0.261252 -0.735) (layer B.SilkS) (width 0.12))
    (fp_line (start -0.261252 0.735) (end 0.261252 0.735) (layer B.SilkS) (width 0.12))
    (fp_line (start 1 -0.625) (end -1 -0.625) (layer B.Fab) (width 0.1))
    (fp_line (start 1 0.625) (end 1 -0.625) (layer B.Fab) (width 0.1))
    (fp_line (start -1 0.625) (end 1 0.625) (layer B.Fab) (width 0.1))
    (fp_line (start -1 -0.625) (end -1 0.625) (layer B.Fab) (width 0.1))
    (fp_text user %R (at 0 0 90) (layer B.Fab)
      (effects (font (size 0.5 0.5) (thickness 0.08)) (justify mirror))
    )
    (pad 2 smd roundrect (at 1.0375 0 90) (size 1.175 1.45) (layers B.Cu B.Paste B.Mask) (roundrect_rratio 0.2127659574468085)
      (net 2 GND))
    (pad 1 smd roundrect (at -1.0375 0 90) (size 1.175 1.45) (layers B.Cu B.Paste B.Mask) (roundrect_rratio 0.2127659574468085)
      (net 1 +3V3))
    (model ${KISYS3DMOD}/Capacitor_SMD.3dshapes/C_0805_2012Metric.wrl
      (at (xyz 0 0 0))
      (scale (xyz 1 1 1))
      (rotate (xyz 0 0 0))
    )
  )

  (module Capacitor_SMD:C_0805_2012Metric_Pad1.18x1.45mm_HandSolder (layer B.Cu) (tedit 5F68FEEF) (tstamp 628307D3)
    (at 230.759 81.4578 180)
    (descr "Capacitor SMD 0805 (2012 Metric), square (rectangular) end terminal, IPC_7351 nominal with elongated pad for handsoldering. (Body size source: IPC-SM-782 page 76, https://www.pcb-3d.com/wordpress/wp-content/uploads/ipc-sm-782a_amendment_1_and_2.pdf, https://docs.google.com/spreadsheets/d/1BsfQQcO9C6DZCsRaXUlFlo91Tg2WpOkGARC1WS5S8t0/edit?usp=sharing), generated with kicad-footprint-generator")
    (tags "capacitor handsolder")
    (path /61BD489C)
    (attr smd)
    (fp_text reference C11 (at 0 1.68) (layer B.SilkS)
      (effects (font (size 1 1) (thickness 0.15)) (justify mirror))
    )
    (fp_text value 10u (at 0 -1.68) (layer B.Fab)
      (effects (font (size 1 1) (thickness 0.15)) (justify mirror))
    )
    (fp_line (start -1 -0.625) (end -1 0.625) (layer B.Fab) (width 0.1))
    (fp_line (start -1 0.625) (end 1 0.625) (layer B.Fab) (width 0.1))
    (fp_line (start 1 0.625) (end 1 -0.625) (layer B.Fab) (width 0.1))
    (fp_line (start 1 -0.625) (end -1 -0.625) (layer B.Fab) (width 0.1))
    (fp_line (start -0.261252 0.735) (end 0.261252 0.735) (layer B.SilkS) (width 0.12))
    (fp_line (start -0.261252 -0.735) (end 0.261252 -0.735) (layer B.SilkS) (width 0.12))
    (fp_line (start -1.88 -0.98) (end -1.88 0.98) (layer B.CrtYd) (width 0.05))
    (fp_line (start -1.88 0.98) (end 1.88 0.98) (layer B.CrtYd) (width 0.05))
    (fp_line (start 1.88 0.98) (end 1.88 -0.98) (layer B.CrtYd) (width 0.05))
    (fp_line (start 1.88 -0.98) (end -1.88 -0.98) (layer B.CrtYd) (width 0.05))
    (fp_text user %R (at 0 0) (layer B.Fab)
      (effects (font (size 0.5 0.5) (thickness 0.08)) (justify mirror))
    )
    (pad 1 smd roundrect (at -1.0375 0 180) (size 1.175 1.45) (layers B.Cu B.Paste B.Mask) (roundrect_rratio 0.2127659574468085)
      (net 3 /Vin))
    (pad 2 smd roundrect (at 1.0375 0 180) (size 1.175 1.45) (layers B.Cu B.Paste B.Mask) (roundrect_rratio 0.2127659574468085)
      (net 2 GND))
    (model ${KISYS3DMOD}/Capacitor_SMD.3dshapes/C_0805_2012Metric.wrl
      (at (xyz 0 0 0))
      (scale (xyz 1 1 1))
      (rotate (xyz 0 0 0))
    )
  )

  (module Resistor_SMD:R_0805_2012Metric_Pad1.20x1.40mm_HandSolder (layer F.Cu) (tedit 5F68FEEE) (tstamp 61C5BC85)
    (at 220.091 85.217)
    (descr "Resistor SMD 0805 (2012 Metric), square (rectangular) end terminal, IPC_7351 nominal with elongated pad for handsoldering. (Body size source: IPC-SM-782 page 72, https://www.pcb-3d.com/wordpress/wp-content/uploads/ipc-sm-782a_amendment_1_and_2.pdf), generated with kicad-footprint-generator")
    (tags "resistor handsolder")
    (path /61C312B3)
    (attr smd)
    (fp_text reference R1 (at 0.127 -1.524) (layer F.SilkS)
      (effects (font (size 1 1) (thickness 0.15)))
    )
    (fp_text value 5.1k (at 0 1.65) (layer F.Fab)
      (effects (font (size 1 1) (thickness 0.15)))
    )
    (fp_line (start 1.85 0.95) (end -1.85 0.95) (layer F.CrtYd) (width 0.05))
    (fp_line (start 1.85 -0.95) (end 1.85 0.95) (layer F.CrtYd) (width 0.05))
    (fp_line (start -1.85 -0.95) (end 1.85 -0.95) (layer F.CrtYd) (width 0.05))
    (fp_line (start -1.85 0.95) (end -1.85 -0.95) (layer F.CrtYd) (width 0.05))
    (fp_line (start -0.227064 0.735) (end 0.227064 0.735) (layer F.SilkS) (width 0.12))
    (fp_line (start -0.227064 -0.735) (end 0.227064 -0.735) (layer F.SilkS) (width 0.12))
    (fp_line (start 1 0.625) (end -1 0.625) (layer F.Fab) (width 0.1))
    (fp_line (start 1 -0.625) (end 1 0.625) (layer F.Fab) (width 0.1))
    (fp_line (start -1 -0.625) (end 1 -0.625) (layer F.Fab) (width 0.1))
    (fp_line (start -1 0.625) (end -1 -0.625) (layer F.Fab) (width 0.1))
    (fp_text user %R (at 0 0) (layer F.Fab)
      (effects (font (size 0.5 0.5) (thickness 0.08)))
    )
    (pad 2 smd roundrect (at 1 0) (size 1.2 1.4) (layers F.Cu F.Paste F.Mask) (roundrect_rratio 0.2083325)
      (net 2 GND))
    (pad 1 smd roundrect (at -1 0) (size 1.2 1.4) (layers F.Cu F.Paste F.Mask) (roundrect_rratio 0.2083325)
      (net 44 "Net-(J1-Pad2)"))
    (model ${KISYS3DMOD}/Resistor_SMD.3dshapes/R_0805_2012Metric.wrl
      (at (xyz 0 0 0))
      (scale (xyz 1 1 1))
      (rotate (xyz 0 0 0))
    )
  )

  (module Resistor_SMD:R_0805_2012Metric_Pad1.20x1.40mm_HandSolder (layer F.Cu) (tedit 5F68FEEE) (tstamp 61C5BC55)
    (at 220.091 87.249)
    (descr "Resistor SMD 0805 (2012 Metric), square (rectangular) end terminal, IPC_7351 nominal with elongated pad for handsoldering. (Body size source: IPC-SM-782 page 72, https://www.pcb-3d.com/wordpress/wp-content/uploads/ipc-sm-782a_amendment_1_and_2.pdf), generated with kicad-footprint-generator")
    (tags "resistor handsolder")
    (path /61C317C1)
    (attr smd)
    (fp_text reference R2 (at 2.921 0) (layer F.SilkS)
      (effects (font (size 1 1) (thickness 0.15)))
    )
    (fp_text value 5.1k (at 0 1.65) (layer F.Fab)
      (effects (font (size 1 1) (thickness 0.15)))
    )
    (fp_line (start -1 0.625) (end -1 -0.625) (layer F.Fab) (width 0.1))
    (fp_line (start -1 -0.625) (end 1 -0.625) (layer F.Fab) (width 0.1))
    (fp_line (start 1 -0.625) (end 1 0.625) (layer F.Fab) (width 0.1))
    (fp_line (start 1 0.625) (end -1 0.625) (layer F.Fab) (width 0.1))
    (fp_line (start -0.227064 -0.735) (end 0.227064 -0.735) (layer F.SilkS) (width 0.12))
    (fp_line (start -0.227064 0.735) (end 0.227064 0.735) (layer F.SilkS) (width 0.12))
    (fp_line (start -1.85 0.95) (end -1.85 -0.95) (layer F.CrtYd) (width 0.05))
    (fp_line (start -1.85 -0.95) (end 1.85 -0.95) (layer F.CrtYd) (width 0.05))
    (fp_line (start 1.85 -0.95) (end 1.85 0.95) (layer F.CrtYd) (width 0.05))
    (fp_line (start 1.85 0.95) (end -1.85 0.95) (layer F.CrtYd) (width 0.05))
    (fp_text user %R (at 0 0) (layer F.Fab)
      (effects (font (size 0.5 0.5) (thickness 0.08)))
    )
    (pad 1 smd roundrect (at -1 0) (size 1.2 1.4) (layers F.Cu F.Paste F.Mask) (roundrect_rratio 0.2083325)
      (net 43 "Net-(J1-Pad1)"))
    (pad 2 smd roundrect (at 1 0) (size 1.2 1.4) (layers F.Cu F.Paste F.Mask) (roundrect_rratio 0.2083325)
      (net 2 GND))
    (model ${KISYS3DMOD}/Resistor_SMD.3dshapes/R_0805_2012Metric.wrl
      (at (xyz 0 0 0))
      (scale (xyz 1 1 1))
      (rotate (xyz 0 0 0))
    )
  )

  (module Resistor_SMD:R_0805_2012Metric_Pad1.20x1.40mm_HandSolder (layer F.Cu) (tedit 5F68FEEE) (tstamp 61B32AC1)
    (at 210.312 70.866 180)
    (descr "Resistor SMD 0805 (2012 Metric), square (rectangular) end terminal, IPC_7351 nominal with elongated pad for handsoldering. (Body size source: IPC-SM-782 page 72, https://www.pcb-3d.com/wordpress/wp-content/uploads/ipc-sm-782a_amendment_1_and_2.pdf), generated with kicad-footprint-generator")
